latitude =  18.574540799999998
longitude = 73.777152